25754
1682767963
25992
2135556125
25992
2134704157
26230
2135556125
26230
2134704157
26706
2135490589
26706
2134638621
26706
1681850426
26706
1682702394
26706
1683030076
27190
1682833500
27674
1682767963
27674
1682833500
28158
1682833500
28642
2135490589
28642
2134638621
28642
1682833500
29126
1682833500
29610
1682767963
29610
1682833500
30094
1682833500
30577
2135490589
30577
2134638621
30577
1682833500
31061
1682833500
31545
1682767963
31545
1682833500
32029
1682833500
32513
2135490589
32513
2134638621
32513
1682833500
32997
1682833500
33239
2135490589
33239
2134638621
33481
1682767963
33481
1682833500
33965
2135490589
33965
2134638621
33965
1682833500
34448
2135490589
34448
2134638621
34448
1682833500
34932
1682833500
35416
1682767963
35416
1682833500
35900
1682833500
36384
2135490589
36384
2134638621
36384
1682833500
36868
1682833500
37352
1682767963
37352
1682833500
37836
1682833500
38319
2135490589
38319
2134638621
38319
1682833500
38803
1682833500
39287
1682767963
39287
1682833500
39771
1682833500
40255
2135490589
40255
2134638621
40255
1682833500
40739
1682833500
40981
2135490589
40981
2134638621
41223
1682767963
41223
1682833500
41706
2135490589
41706
2134638621
41706
1682833500
42190
2135490589
42190
2134638621
42190
1682833500
42670
1682833500
43130
1682767963
43130
1682833500
43610
1682833500
44090
2135490589
44090
2134638621
44090
1682833500
44570
1682833500
45050
1682767963
45050
1682833500
45526
1682833500
46003
2135490589
46003
2134638621
46003
1682833500
46479
1682833500
46955
1682767963
46955
1682833500
47431
1682833500
47907
2135490589
47907
2134638621
47907
1682833500
48384
1682833500
48622
2135490589
48622
2134638621
48860
1682767963
48860
1682833500
49336
2135490589
49336
2134638621
49336
1682833500
49812
2135490589
49812
2134638621
49812
1682833500
50288
1682833500
50765
1682767963
50765
1682833500
51241
1682833500
51717
2135490589
51717
2134638621
51717
1682833500
52193
1682833500
52669
1682767963
52669
1682833500
53146
2135490589
53146
2134638621
53146
1682833500
53622
2135490589
53622
2134638621
53622
1682833500
54098
1682833500
54336
2135490589
54336
2134638621
54574
1682767963
54574
1682833500
54812
1682636859
54812
1681784891
55050
2135556125
55050
2134704157
55288
2135556125
55288
2134704157
55526
2135490589
55526
2134638621
55526
1681850426
55526
1682702394
56241
2135490589
56241
2134638621
56479
1682767963
56479
1683030076
57193
2135490589
57193
2134638621
57431
2135490589
57431
2134638621
57431
1682833500
57431
1683030076
57907
1683030076
58384
1682767963
58384
1683030076
58860
1683030076
59098
2135490589
59098
2134638621
59336
2135490589
59336
2134638621
59336
1683030076
59812
2135490589
59812
2134638621
59812
1683030076
60288
1682767963
60288
1683030076
60765
2135490589
60765
2134638621
60765
1683030076
61241
2135490589
61241
2134638621
61241
1681850426
61241
1682702394
61717
1683030076
62193
1682767963
62193
1683030076
62669
1683030076
62907
2135490589
62907
2134638621
63146
2135490589
63146
2134638621
63146
1683030076
63622
2135490589
63622
2134638621
63622
1683030076
64098
1682767963
64098
1683030076
64336
1682636859
64336
1681784891
64574
2135556125
64574
2134704157
64812
2135556125
64812
2134704157
65050
2135490589
65050
2134638621
65050
1681850426
65050
1682702394
65526
1683030076
66003
1682767963
66003
1683030076
66479
1683030076
66717
2135490589
66717
2134638621
66955
2135490589
66955
2134638621
66955
1683030076
67431
2135490589
67431
2134638621
67431
1683030076
67907
1682767963
67907
1683030076
68384
1683030076
68622
2135490589
68622
2134638621
68860
2135490589
68860
2134638621
68860
1683030076
69336
1683030076
69812
1682767963
69812
1683030076
70288
1683030076
70526
2135490589
70526
2134638621
70765
2135490589
70765
2134638621
70765
1683030076
71241
2135490589
71241
2134638621
71241
1683030076
71717
1682767963
71717
1682636859
71717
1681784891
71955
1682636859
71955
1681784891
72193
2135556125
72193
2134704157
72431
2135556125
72431
2134704157
72669
2135490589
72669
2134638621
72669
1681850426
72669
1682702394
73146
1683030076
73622
1682767963
73622
1683030076
74098
1683030076
74336
2135490589
74336
2134638621
74574
2135490589
74574
2134638621
74574
1683030076
75050
2135490589
75050
2134638621
75050
1683030076
75526
1682767963
75526
1683030076
75884
1682636859
75884
1681784891
76003
1682636859
76003
1681784891
76241
2135556125
76241
2134704157
76479
2135490589
76479
2134638621
76479
1681850426
76479
1682702394
76955
1683030076
77193
2135490589
77193
2134638621
77430
1682767963
77430
1681850426
77430
1682702394
77915
1683030076
78157
2135490589
78157
2134638621
78419
2135490589
78419
2134638621
78419
1681850426
78419
1682702394
78901
1683030076
79143
2135490589
79143
2134638621
79387
1682767963
79387
1683030076
79868
1682636859
79868
1681784891
79868
2135556125
79868
2134704157
80354
2135490589
80354
2134638621
80354
1683030076
80836
1683030076
81322
1682767963
81322
1683030076
81816
1683030076
82055
2135490589
82055
2134638621
82293
2135490589
82293
2134638621
82293
1683030076
82769
2135490589
82769
2134638621
82769
1683030076
83245
1682767963
83245
1682636859
83245
1681784891
83483
1682636859
83483
1681784891
83721
2135556125
83721
2134704157
83959
2135556125
83959
2134704157
84197
2135490589
84197
2134638621
84197
1681850426
84197
1682702394
87029
1682767963
87271
2135556125
87271
2134704157
87513
2135556125
87513
2134704157
87996
2135490589
87996
2134638621
87996
1682833500
88478
1681850426
88478
1682702394
88962
1682767963
88962
1682833500
89446
1682833500
89688
1682833500
89932
2135490589
89932
2134638621
89932
1682833500
90416
1682833500
90658
1682833500
90900
1682767963
90900
1682833500
91384
1682833500
91865
2135490589
91865
2134638621
91865
1682833500
92107
1682833500
92349
1682833500
92833
1682767963
92833
1682833500
93075
1682833500
93317
1682833500
93803
2135490589
93803
2134638621
93803
1682833500
94045
1682833500
94287
1682833500
94529
2135490589
94529
2134638621
94771
1682767963
94771
1682833500
95013
1682833500
95255
2135490589
95255
2134638621
95255
1682833500
95736
2135490589
95736
2134638621
95736
1682833500
95978
1682833500
96220
1682833500
96462
1682833500
96704
1682767963
96704
1682833500
96946
1682833500
97188
1682833500
97432
1682833500
97674
2135490589
97674
2134638621
97674
1682833500
98158
2135490589
98158
2134638621
98158
1682833500
98642
1682767963
98642
1682833500
99125
1682833500
99607
2135490589
99607
2134638621
99607
1682833500
99847
1682833500
100087
1682833500
100327
1682833500
100567
1682767963
100567
1682833500
101047
1682833500
101527
2135490589
101527
2134638621
101527
1682833500
101767
1682833500
102007
1682833500
102247
2135490589
102247
2134638621
102247
1682833500
102487
1682767963
102487
1682833500
102727
1682833500
102967
2135490589
102967
2134638621
102967
1682833500
103207
1682833500
103447
2135490589
103447
2134638621
103447
1682833500
103689
1682833500
103931
1681850426
103931
1682702394
104415
1682767963
104415
1682833500
104659
1682833500
104901
1682833500
105143
1682833500
105385
2135490589
105385
2134638621
105385
1682833500
105869
1682833500
106353
1682767963
106353
1682833500
106834
1682833500
107076
1682833500
107318
2135490589
107318
2134638621
107318
1682833500
107802
1682833500
108044
1682833500
108288
1682767963
108288
1682833500
108768
1682833500
109248
2135490589
109248
2134638621
109248
1682833500
109728
1682833500
109968
2135490589
109968
2134638621
109968
1682833500
110208
1682767963
110208
1682833500
110688
2135490589
110688
2134638621
110688
1682833500
110928
1682833500
111168
2135490589
111168
2134638621
111168
1682833500
111408
1682833500
111648
1682833500
111888
1682833500
112128
1682767963
112128
1682833500
112368
1682833500
112608
1682833500
112848
1682833500
113088
2135490589
113088
2134638621
113088
1682833500
113328
1682833500
113568
1682833500
113808
1682833500
114048
1682767963
114048
1682833500
114290
1682833500
114532
2135490589
114532
2134638621
114532
1682833500
114774
1682833500
115016
2135490589
115016
2134638621
115016
1682833500
115500
1682833500
115741
2135490589
115741
2134638621
115981
1682767963
115981
1682636859
115981
1681784891
116223
1682636859
116223
1681784891
116465
2135556125
116465
2134704157
116707
2135556125
116707
2134704157
116949
2135490589
116949
2134638621
116949
1681850426
116949
1682702394
117429
1682833500
117669
2135490589
117669
2134638621
117909
1682767963
117909
1683030076
118389
1682833500
118869
2135490589
118869
2134638621
118869
1683030076
119355
1682833500
119597
2135490589
119597
2134638621
119839
1682767963
119839
1683030076
120081
1682636859
120081
1681784891
120323
2135556125
120323
2134704157
120565
2135556125
120565
2134704157
120807
2135490589
120807
2134638621
120807
1681850426
120807
1682702394
121292
1683030076
121780
1682767963
121780
1683030076
122270
1683030076
122514
2135490589
122514
2134638621
122762
2135490589
122762
2134638621
122762
1683030076
123246
2135490589
123246
2134638621
123246
1683030076
123731
1682767963
123731
1683030076
124219
2135490589
124219
2134638621
124219
1683030076
124709
2135490589
124709
2134638621
124709
1683030076
125186
1683030076
125668
1682767963
125668
1683030076
126147
1683030076
126387
2135490589
126387
2134638621
126624
2135490589
126624
2134638621
126624
1683030076
127106
2135490589
127106
2134638621
127106
1683030076
127593
1682767963
127593
1682636859
127593
1681784891
127822
1682636859
127822
1681784891
128062
2135556125
128062
2134704157
128304
2135556125
128304
2134704157
128541
2135490589
128541
2134638621
128541
1681850426
128541
1682702394
129023
1683030076
129500
1682767963
129500
1683030076
129988
1683030076
130231
2135490589
130231
2134638621
130471
2135490589
130471
2134638621
130471
1683030076
130957
2135490589
130957
2134638621
130957
1683030076
131445
1682767963
131445
1683030076
131931
1683030076
132171
2135490589
132171
2134638621
132414
2135490589
132414
2134638621
132414
1683030076
132902
1683030076
133388
1682767963
133388
1683030076
133871
1683030076
134114
2135490589
134114
2134638621
134357
2135490589
134357
2134638621
134357
1683030076
134845
1682767963
134845
1683030076
135328
1682767963
135328
1683030076
135565
1682636859
135565
1681784891
135797
2135556125
135797
2134704157
136032
2135556125
136032
2134704157
136268
2135490589
136268
2134638621
136268
1681850426
136268
1682702394
136744
1683030076
137218
1682767963
137218
1683030076
137702
1683030076
137946
2135490589
137946
2134638621
138188
2135490589
138188
2134638621
138188
1683030076
138672
2135490589
138672
2134638621
138672
1683030076
139156
1682767963
139156
1683030076
139640
2135490589
139640
2134638621
139640
1682636859
139640
1681784891
139640
2135556125
139640
2134704157
140121
2135490589
140121
2134638621
140121
1681850426
140121
1682702394
140601
1683030076
140841
2135490589
140841
2134638621
141081
1682767963
141081
1681850426
141081
1682702394
141561
1683030076
141801
2135490589
141801
2134638621
142041
2135490589
142041
2134638621
142041
1681850426
142041
1682702394
142521
1683030076
142763
2135490589
142763
2134638621
143003
1682767963
143003
2135556125
143003
2134704157
143243
1682636859
143243
1681784891
143363
1682636859
143363
1681784891
143481
1682636859
143481
1681784891
143671
2135556125
143671
2134704157
143963
2135490589
143963
2134638621
143963
1681850426
143963
1682702394
144444
1683030076
144922
1682767963
144922
1683030076
145403
1683030076
145646
2135490589
145646
2134638621
145884
2135490589
145884
2134638621
145884
1681850426
145884
1682702394
146367
1683030076
146848
1682767963
146848
1683030076
147329
1683030076
147810
1682767963
147810
1683030076
148048
2135490589
148048
2134638621
148286
2135490589
148286
2134638621
148286
1682636859
148286
1681784891
148286
2135556125
148286
2134704157
148524
2135490589
148524
2134638621
148524
1682636859
148524
1681784891
148524
2135556125
148524
2134704157
148762
2135490589
148762
2134638621
148762
1682636859
148762
1681784891
148762
2135556125
148762
2134704157
149000
2135490589
149000
2134638621
149000
1682636859
149000
1681784891
149000
2135556125
149000
2134704157
149236
2135490589
149236
2134638621
149236
1682636859
149236
1681784891
149236
2135556125
149236
2134704157
149474
2135490589
149474
2134638621
149474
1682636859
149474
1681784891
149474
2135556125
149474
2134704157
149712
2135490589
149712
2134638621
149712
1682636859
149712
1681784891
149712
2135556125
149712
2134704157
149950
2135490589
149950
2134638621
149950
1682636859
149950
1681784891
149950
2135556125
149950
2134704157
150188
2135490589
150188
2134638621
150188
1682636859
150188
1681784891
150188
2135556125
150188
2134704157
150426
2135490589
150426
2134638621
150426
1682636859
150426
1681784891
150426
2135556125
150426
2134704157
150664
1682767963
150664
1682636859
150664
1681784891
150903
1682636859
150903
1681784891
151024
1682636859
151024
1681784891
151143
2135556125
151143
2134704157
151381
2135556125
151381
2134704157
151619
2135490589
151619
2134638621
151619
1681850426
151619
1682702394
152106
1683030076
152350
2135490589
152350
2134638621
152591
1682767963
152591
1683030076
153081
1683030076
153322
2135490589
153322
2134638621
153568
2135490589
153568
2134638621
153568
1683030076
154053
2135490589
154053
2134638621
154053
1683030076
154542
1682767963
154542
1683030076
155030
1683030076
155273
2135490589
155273
2134638621
155515
2135490589
155515
2134638621
155515
1683030076
155997
1683030076
156238
2135490589
156238
2134638621
156479
1682767963
156479
1683030076
156961
1683030076
157443
2135490589
157443
2134638621
157443
1681850426
157443
1682702394
157925
1683030076
158166
2135490589
158166
2134638621
158407
1682767963
158407
1683030076
158889
1682767963
158889
1683030076
159130
2135490589
159130
2134638621
159371
2135490589
159371
2134638621
159371
1681850426
159371
1682702394
159853
1683030076
160094
2135490589
160094
2134638621
160337
1682767963
160337
1683030076
160811
1683030076
161049
2135490589
161049
2134638621
161287
2135490589
161287
2134638621
161287
1683030076
161764
2135490589
161764
2134638621
161764
1683030076
162228
1682767963
162228
1683030076
162718
1683030076
162954
2135490589
162954
2134638621
163180
2135490589
163180
2134638621
163180
1681850426
163180
1682702394
163668
1683030076
163906
2135490589
163906
2134638621
164133
1682767963
164133
1683030076
164623
1683030076
164861
2135490589
164861
2134638621
165099
1682767963
165099
1683030076
165573
1682767963
165573
1683030076
165811
2135490589
165811
2134638621
166049
1682767963
166049
1682636859
166049
1681784891
166289
1682636859
166289
1681784891
166529
2135556125
166529
2134704157
166769
2135556125
166769
2134704157
167009
2135490589
167009
2134638621
167009
1681850426
167009
1682702394
167489
1683030076
167729
2135490589
167729
2134638621
167969
1682767963
167969
1683030076
168449
1683030076
168689
2135490589
168689
2134638621
168929
2135490589
168929
2134638621
168929
1683030076
169409
2135490589
169409
2134638621
169409
1683030076
169889
1682767963
169889
1683030076
170369
1683030076
170609
2135490589
170609
2134638621
170849
1682767963
170849
1681850426
170849
1682702394
171335
1682767963
171335
2135556125
171335
2134704157
171577
1682767963
171577
2135556125
171577
2134704157
171819
1682767963
171819
2135556125
171819
2134704157
172060
1682767963
172060
2135556125
172060
2134704157
172300
1682767963
172300
2135556125
172300
2134704157
172542
1682767963
172542
2135556125
172542
2134704157
172786
1682767963
172786
1682636859
172786
1681784891
173270
1682636859
173270
1681784891
173270
2135556125
173270
2134704157
173751
1682636859
173751
1681784891
173751
2135556125
173751
2134704157
173993
2135556125
173993
2134704157
174235
2135556125
174235
2134704157
174479
2135490589
174479
2134638621
174721
2135490589
174721
2134638621
174721
1681850426
174721
1682702394
174721
1683030076
175200
2135490589
175200
2134638621
175200
1683030076
175691
1682767963
175691
1681850426
175691
1682702394
176165
1683030076
176403
2135490589
176403
2134638621
176644
2135490589
176644
2134638621
176644
1683030076
177125
2135490589
177125
2134638621
177125
1683030076
177609
1682767963
177609
1682636859
177609
1681784891
177847
1682636859
177847
1681784891
178090
2135556125
178090
2134704157
178331
2135556125
178331
2134704157
178569
2135490589
178569
2134638621
178569
1681850426
178569
1682702394
179554
1682833500
180541
1682833500
181526
1682767963
181773
2135556125
181773
2134704157
182017
2135556125
182017
2134704157
182512
2135490589
182512
2134638621
182512
1682833500
182512
1683030076
183002
1681850426
183002
1682702394
183497
1682767963
183497
1682833500
183989
1682833500
184236
1682833500
184482
2135490589
184482
2134638621
184482
1682833500
184974
1682833500
185221
1682833500
185465
1682767963
185465
1682833500
185960
1682833500
186206
1682833500
186450
2135490589
186450
2134638621
186450
1682833500
186699
1682833500
186945
1682833500
187189
2135490589
187189
2134638621
187189
1682833500
187437
1682767963
187437
1682833500
187930
2135490589
187930
2134638621
187930
1682833500
188423
2135490589
188423
2134638621
188423
1682833500
188913
1682833500
189161
1682833500
189387
1682767963
189387
1682833500
189647
1682833500
189889
1682833500
190131
1681850426
190131
1682702394
190373
2135490589
190373
2134638621
190373
1682833500
190859
1682833500
191323
1682767963
191323
1682833500
191827
1682833500
192069
2135490589
192069
2134638621
192290
2135490589
192290
2134638621
192290
1682833500
192792
1682833500
193258
1682767963
193258
1682833500
193760
1682833500
194002
1682833500
194244
2135490589
194244
2134638621
194244
1682833500
194489
1682833500
194737
1682833500
194980
2135490589
194980
2134638621
194980
1682833500
195227
1682767963
195227
1682833500
195473
1682833500
195716
2135490589
195716
2134638621
195716
1682833500
195964
1682833500
196209
2135490589
196209
2134638621
196209
1682833500
196454
1682833500
196700
1682833500
196943
1682833500
197191
1682767963
197191
1682833500
197436
1682833500
197679
1681850426
197679
1682702394
198170
2135490589
198170
2134638621
198170
1682833500
198663
1682833500
199154
1682767963
199154
1682833500
199644
1682833500
199890
2135490589
199890
2134638621
200133
2135490589
200133
2134638621
200133
1682833500
200626
1682833500
201117
1682767963
201117
1682833500
201602
1682833500
202086
2135490589
202086
2134638621
202086
1682833500
202329
1682833500
202569
1682833500
202814
2135490589
202814
2134638621
203054
1682767963
203054
1682833500
203541
2135490589
203541
2134638621
203541
1682833500
203781
1682833500
204026
2135490589
204026
2134638621
204026
1682833500
204511
1682833500
204993
1682767963
204993
1682833500
205478
1681850426
205478
1682702394
205963
2135490589
205963
2134638621
205963
1682833500
206204
1682833500
206445
1682833500
206927
1682767963
206927
1682833500
207419
2135490589
207419
2134638621
207419
1682833500
207901
2135490589
207901
2134638621
207901
1682833500
208384
1682833500
208625
2135490589
208625
2134638621
208866
1682767963
208866
1682636859
208866
1681784891
209107
1682636859
209107
1681784891
209348
1682636859
209348
1681784891
209589
2135490589
209589
2134638621
209830
2135490589
209830
2134638621
209830
1681850426
209830
1682702394
210312
1683030076
210553
2135490589
210553
2134638621
210794
1682767963
210794
1681850426
210794
1682702394
211284
1683030076
211528
2135490589
211528
2134638621
211773
1682767963
211773
1682636859
211773
1681784891
212095
2135490589
212095
2134638621
212095
1683030076
212420
2135490589
212420
2134638621
212420
1683030076
212752
1682767963
212752
1682636859
212752
1681784891
213074
1682636859
213074
1681784891
213074
2135556125
213074
2134704157
213399
1682636859
213399
1681784891
213399
2135556125
213399
2134704157
213731
2135490589
213731
2134638621
213731
1683030076
214216
1683030076
214701
1682767963
214701
1681850426
214701
1682702394
215186
1683030076
215429
2135490589
215429
2134638621
215671
2135490589
215671
2134638621
215671
1683030076
216156
2135490589
216156
2134638621
216156
1683030076
216641
1682767963
216641
1683030076
217126
1683030076
217369
2135490589
217369
2134638621
217611
2135490589
217611
2134638621
217611
1681850426
217611
1682702394
218088
1683030076
218326
2135490589
218326
2134638621
218565
1682767963
218565
1683030076
219042
1683030076
219280
2135490589
219280
2134638621
219518
2135490589
219518
2134638621
219518
1683030076
219995
2135490589
219995
2134638621
219995
1683030076
220472
1682767963
220472
1682636859
220472
1681784891
220710
1682636859
220710
1681784891
220949
2135556125
220949
2134704157
221187
2135556125
221187
2134704157
221426
2135490589
221426
2134638621
221426
1681850426
221426
1682702394
221906
1683030076
222146
2135490589
222146
2134638621
222386
1682767963
222386
1683030076
222866
1683030076
223106
2135490589
223106
2134638621
223346
2135490589
223346
2134638621
223346
1683030076
223827
2135490589
223827
2134638621
223827
1683030076
224307
1682767963
224307
1683030076
224787
1683030076
225027
2135490589
225027
2134638621
225267
2135490589
225267
2134638621
225267
1681850426
225267
1682702394
225747
2135490589
225747
2134638621
225747
1683030076
226227
1682767963
226227
1683030076
226708
1683030076
226948
2135490589
226948
2134638621
227188
1682767963
227188
1683030076
227668
1683030076
227908
2135490589
227908
2134638621
228148
1682767963
228148
1682636859
228148
1681784891
228388
1682636859
228388
1681784891
228628
2135556125
228628
2134704157
228868
2135556125
228868
2134704157
229108
2135490589
229108
2134638621
229108
1681850426
229108
1682702394
229593
1683030076
229835
2135490589
229835
2134638621
230077
1682767963
230077
1683030076
230561
1683030076
230803
2135490589
230803
2134638621
231045
2135490589
231045
2134638621
231045
1683030076
231529
2135490589
231529
2134638621
231529
1683030076
232013
1682767963
232013
1683030076
232497
1683030076
232739
2135490589
232739
2134638621
232981
1682767963
232981
2135556125
232981
2134704157
233223
2135490589
233223
2134638621
233465
2135490589
233465
2134638621
233465
1682636859
233465
1681784891
233465
2135556125
233465
2134704157
233707
2135490589
233707
2134638621
233707
1682636859
233707
1681784891
233707
2135556125
233707
2134704157
233949
2135490589
233949
2134638621
233949
1682636859
233949
1681784891
233949
2135556125
233949
2134704157
234191
2135490589
234191
2134638621
234191
1682636859
234191
1681784891
234191
2135556125
234191
2134704157
234434
2135490589
234434
2134638621
234434
1682636859
234434
1681784891
234434
2135556125
234434
2134704157
234676
2135490589
234676
2134638621
234676
1682636859
234676
1681784891
234676
2135556125
234676
2134704157
234918
1682767963
234918
1682636859
234918
1681784891
235160
2135490589
235160
2134638621
235392
1682636859
235392
1681784891
235392
2135556125
235392
2134704157
235634
2135490589
235634
2134638621
235875
1682767963
235875
1682636859
235875
1681784891
236117
1682636859
236117
1681784891
236359
2135556125
236359
2134704157
236601
2135556125
236601
2134704157
236843
2135490589
236843
2134638621
236843
1681850426
236843
1682702394
237327
1683030076
237569
2135490589
237569
2134638621
237811
1682767963
237811
1683030076
238295
1683030076
238537
2135490589
238537
2134638621
238779
2135490589
238779
2134638621
238779
1683030076
239263
2135490589
239263
2134638621
239263
1683030076
239746
1682767963
239746
1683030076
240230
1683030076
240472
2135490589
240472
2134638621
240714
2135490589
240714
2134638621
240714
1681850426
240714
1682702394
241198
1683030076
241440
2135490589
241440
2134638621
241682
1682767963
241682
1683030076
242166
1683030076
242408
2135490589
242408
2134638621
242650
2135490589
242650
2134638621
242650
1683030076
243134
2135490589
243134
2134638621
243134
1683030076
243617
1682767963
243617
1682636859
243617
1681784891
243859
1682636859
243859
1681784891
244101
2135556125
244101
2134704157
244343
2135556125
244343
2134704157
244595
2135490589
244595
2134638621
244595
1681850426
244595
1682702394
245074
1683030076
245313
2135490589
245313
2134638621
245552
1682767963
245552
1683030076
246030
1683030076
246509
2135490589
246509
2134638621
246509
1683030076
246987
1683030076
247466
1682767963
247466
1683030076
247944
1683030076
248423
1682767963
248423
1681850426
248423
1682702394
248908
1682767963
248908
2135556125
248908
2134704157
249151
1682767963
249151
2135556125
249151
2134704157
249393
1682767963
249393
2135556125
249393
2134704157
249636
1682767963
249636
2135556125
249636
2134704157
249879
1682767963
249879
2135556125
249879
2134704157
250121
1682767963
250121
2135556125
250121
2134704157
250364
1682767963
250364
2135556125
250364
2134704157
250607
1682767963
250607
2135556125
250607
2134704157
250849
1682767963
250849
2135556125
250849
2134704157
251092
1682767963
251092
2135556125
251092
2134704157
251335
1682767963
251335
1682636859
251335
1681784891
251699
1682767963
251820
1682767963
252063
2135490589
252063
2134638621
252306
2135490589
252306
2134638621
252306
1681850426
252306
1682702394
252306
1683030076
252791
2135490589
252791
2134638621
252791
1683030076
253034
2135490589
253034
2134638621
253276
1682767963
253276
1681850426
253276
1682702394
253762
1683030076
254004
2135490589
254004
2134638621
254247
2135490589
254247
2134638621
254247
1683030076
254726
2135490589
254726
2134638621
254726
1683030076
255218
1682767963
255218
1681850426
255218
1682702394
255698
1683030076
256178
2135490589
256178
2134638621
256178
1683030076
256658
2135490589
256658
2134638621
256658
1683030076
256898
2135490589
256898
2134638621
257138
1682767963
257138
1681850426
257138
1682702394
257618
1683030076
257858
2135490589
257858
2134638621
258098
1682767963
258098
1683030076
258578
1682767963
258578
1682636859
258578
1681784891
259058
1682767963
259058
1682636859
259058
1681784891
259298
1682636859
259298
1681784891
259538
2135556125
259538
2134704157
259778
2135556125
259778
2134704157
260018
2135490589
260018
2134638621
260018
1681850426
260018
1682702394
260498
2135490589
260498
2134638621
260498
1683030076
260738
2135490589
260738
2134638621
260978
1682767963
260978
1681850426
260978
1682702394
261458
1683030076
261698
2135490589
261698
2134638621
261938
1682767963
261938
1682636859
261938
1681784891
262435
2135490589
262435
2134638621
262435
1682636859
262435
1681784891
262983
1682636859
262983
1681784891
262983
2135556125
262983
2134704157
263260
2135556125
263260
2134704157
263538
1682636859
263538
1681784891
263538
2135556125
263538
2134704157
264182
2135490589
264182
2134638621
264182
1682833500
264182
1683030076
